hello world
the 0 data
the 0  channel
Matrix message
2.21084 2.5351 2.5351 2.5351 
2.53615 2.5351 2.5351 2.5351 
2.5722 1.5378 1.16609 1.44526 
2.5722 1.88174 1.88174 1.88174 

the 1  channel
Matrix message
3.0297 3.0297 4.4972 4.4972 
3.0297 3.0297 4.4972 4.4972 
3.0297 3.0297 3.93574 3.93574 
2.0633 3.1563 3.93574 3.93574 

the 2  channel
Matrix message
3.41121 3.41121 2.6967 1.18585 
3.41121 3.41121 2.9156 2.9156 
3.41121 3.41121 2.9156 2.9156 
3.3482 2.9156 2.9156 2.9156 

the 3  channel
Matrix message
2.79174 2.79174 2.79174 2.47955 
3.69972 3.69972 3.69972 2.45804 
3.69972 3.69972 3.86784 3.86784 
3.69972 3.69972 3.86784 3.86784 

the 4  channel
Matrix message
1.33254 1.19182 2.12177 2.12177 
1.33254 1.19182 2.12177 2.12177 
1.33254 1.73952 2.12177 2.12177 
0.10302 1.73952 1.73952 1.77738 

the 1 data
the 0  channel
Matrix message
1.45959 1.88074 1.88074 1.88074 
1.45959 1.88074 1.88074 1.88074 
1.45959 1.45959 1.45959 1.52234 
3.42916 3.42916 0.853848 1.52234 

the 1  channel
Matrix message
2.34427 2.34427 2.59621 2.59621 
1.97733 1.97733 1.97733 1.23154 
0.814628 0.814628 0.879556 1.44886 
2.28946 0.814628 0.879556 1.44886 

the 2  channel
Matrix message
0 1.61362 1.61362 2.27896 
1.34254 1.34254 2.33079 2.47564 
3.72628 3.72628 2.33079 2.47564 
3.72628 4.2423 4.2423 4.2423 

the 3  channel
Matrix message
1.42938 2.99404 2.99404 2.99404 
1.42938 1.54547 1.54547 1.54547 
2.24004 2.24004 2.24004 1.20804 
2.24004 2.24004 2.24004 1.20804 

the 4  channel
Matrix message
3.12764 3.12764 3.12764 1.0292 
3.12764 3.12764 3.12764 1.0292 
0.812868 0 0 1.0292 
1.29268 1.29268 1.29268 0.179852 

the 2 data
the 0  channel
Matrix message
2.71888 0.975272 0.975272 0.925208 
2.71888 0.975272 0.975272 0.925208 
2.71888 0.975272 0.975272 2.10106 
2.17863 2.64731 2.64731 2.64731 

the 1  channel
Matrix message
1.36111 0.930228 2.80019 3.77623 
0.930228 2.32515 2.80019 3.77623 
0.709128 2.32515 4.43899 4.43899 
0.433144 2.32515 4.43899 4.43899 

the 2  channel
Matrix message
4.22674 4.22674 3.79807 3.79807 
4.22674 4.22674 3.24775 1.89464 
3.44492 3.44492 2.42948 2.42948 
3.44492 5.54663 5.54663 5.54663 

the 3  channel
Matrix message
2.55421 1.9405 2.7615 2.76926 
2.55421 1.9405 2.7615 2.76926 
4.21944 4.21944 1.10392 2.76926 
4.21944 4.21944 3.02591 3.02591 

the 4  channel
Matrix message
1.65185 2.06217 2.06217 2.06217 
1.65185 2.06217 2.06217 2.06217 
1.27421 1.27421 1.27421 1.04703 
1.27421 1.27421 1.27421 0.504632 

the 3 data
the 0  channel
Matrix message
3.51063 3.51063 2.8624 2.8624 
3.51063 3.51063 2.8624 2.8624 
3.51063 3.51063 2.8624 2.8624 
2.55121 2.45427 2.45427 2.45427 

the 1  channel
Matrix message
2.46996 2.44979 2.44979 2.44979 
2.46996 2.44979 2.44979 2.44979 
2.43146 1.35911 3.77936 3.77936 
2.43146 3.1874 3.77936 3.77936 

the 2  channel
Matrix message
2.47125 2.47125 2.49756 2.49756 
2.47125 2.47125 2.47125 2.01317 
2.47125 2.47125 2.47125 1.04228 
0.708832 1.04228 1.04228 1.04228 

the 3  channel
Matrix message
4.12265 4.12265 4.1081 4.1081 
4.12265 4.12265 4.1081 4.1081 
4.12265 4.12265 4.1081 4.1081 
2.51185 1.84922 2.50122 2.50122 

the 4  channel
Matrix message
3.46995 3.46995 3.46995 0.986568 
3.16767 3.12792 3.12792 0.986568 
3.16767 3.12792 3.12792 2.87828 
3.16767 2.06356 1.73813 2.87828 

flatten !!
grad x!!!
debug
the 0 data
the 0  channel
Matrix message
0 -0.0021054 -0.00415258 -0.000989633 2.69247e-05 2.19502e-05 1.72244e-05 0 
0 0.00320176 -0.00420776 -0.00135768 -0.000157051 0.00093241 -0.000652952 0 
1.20858e-05 0.00475306 -0.00439659 0.00107255 -0.000296577 0.000323546 0.000431493 2.83089e-06 
1.12701e-06 -0.000198219 -7.38551e-05 0.0009313 0.00136788 0.0010986 -8.26196e-05 2.11464e-06 
8.15786e-05 -0.000245091 -0.0001683 0.000980107 -0.000153795 0.00075911 0.000623234 9.89461e-06 
-0.000103983 8.62771e-06 0.000597786 4.22144e-05 -0.000523159 0.000909115 0.000142569 6.33985e-06 
-0.000120389 4.7759e-05 7.18052e-05 -3.36045e-05 0.000486963 0.0002777 -0.000375526 -3.18499e-06 
0 0 0 7.33008e-08 9.05531e-05 1.89509e-05 1.44198e-05 1.1277e-05 

the 1  channel
Matrix message
0 0.00207629 -0.00427871 0.00021345 -2.17636e-05 1.99604e-05 -5.59636e-06 0 
0 -0.00439514 0.00413919 -0.00413723 -0.000396252 7.56082e-05 0.000275474 0 
1.88988e-05 -0.000313628 -0.00258741 -0.00258425 -0.000454608 0.000784584 -0.000488429 -1.00616e-06 
1.21633e-05 3.71972e-05 -0.000152209 0.00144795 0.000274767 0.000603781 -0.000248745 8.25392e-06 
1.98135e-05 0.000283705 0.000824752 0.000319634 1.04298e-05 0.000876777 -0.000307832 -1.15138e-06 
6.51934e-05 2.22854e-05 -0.000297253 -0.000374955 0.000796297 0.000454282 0.000148794 1.18585e-05 
4.97776e-05 0.000103993 4.32875e-05 -3.9061e-05 -0.000355229 -0.000313617 5.4965e-06 3.61573e-06 
0 0 0 3.49298e-05 6.19975e-05 -9.5949e-06 -1.42349e-05 6.25475e-06 

the 2  channel
Matrix message
0 0.00440484 -0.00055303 0.00386151 1.9836e-05 2.60542e-05 -6.40472e-06 0 
0 -0.000135832 0.00139695 -0.00230413 -0.000315218 -0.000445272 -0.000839933 0 
1.00715e-06 -0.00286167 -0.00219662 -0.00190422 -0.00106467 -0.00086304 -0.000328864 6.66794e-06 
-5.81337e-05 0.000422425 0.000532288 0.0011588 -0.00116071 -0.000298144 -0.000895715 6.58267e-06 
-1.25032e-05 0.000162201 -0.000853893 0.000285399 -0.000800574 0.000239792 -0.00022435 -7.5355e-06 
9.06039e-05 4.19739e-05 0.000551984 6.10916e-06 -0.000740319 -0.000297011 -0.00072285 1.55679e-05 
7.05367e-05 -5.25577e-05 2.87656e-05 -9.51448e-05 0.00026076 4.33154e-05 9.58821e-05 2.58019e-06 
0 0 0 -2.44852e-06 -1.19156e-05 -1.5806e-05 3.63576e-06 1.47587e-05 

the 1 data
the 0  channel
Matrix message
0 0 -5.54574e-05 0.000576756 0.000158517 0.000444319 -0.000135676 0 
0 0 0.000280733 -0.00351105 -0.00536635 -0.00117543 0.000116144 2.35624e-05 
6.68387e-06 -1.06483e-05 -0.00027387 0.00413683 -0.00533625 -0.0021609 -4.50248e-05 2.93158e-05 
-7.27362e-06 3.34539e-05 0.000386631 0.00730638 -0.00523205 0.00109335 0.000120076 0.000110992 
6.65111e-06 0.000746465 0.000550237 0.000809029 8.17406e-05 -0.000226127 5.54951e-05 7.7849e-05 
-2.62497e-05 -0.000142339 -0.000755731 0.00184536 0.000537132 0.000274639 0.000129525 0.000180651 
-3.19874e-05 -0.000991259 0.000294345 0.000480912 -0.00180707 0.000426435 5.09682e-05 2.67903e-05 
5.42207e-05 -0.000353906 0.000477379 -0.00119835 -0.00059401 0.00135887 0 0 

the 1  channel
Matrix message
0 0 -9.72777e-05 -0.000243643 0.000240595 -7.01951e-05 5.26328e-05 0 
0 0 0.00045884 0.00307533 -0.00553723 0.000839603 -6.34607e-05 -8.37459e-06 
1.04517e-05 -1.96584e-07 0.00076712 -0.00622534 0.00512402 -0.00530927 -9.54483e-06 7.90727e-05 
1.45145e-05 2.98001e-05 -0.000748786 -0.00187157 -0.00304871 -0.0036267 0.000181545 -3.37263e-05 
-1.63493e-05 0.000579849 0.000288258 0.000297928 -3.50342e-06 0.000135038 0.000239356 0.000252165 
-4.60446e-05 -0.000165883 0.00163587 0.00198535 0.00132182 1.56478e-05 0.000196818 -1.98714e-05 
-3.54299e-05 0.000953116 0.000104276 -3.02879e-05 0.0014862 0.00148798 2.68671e-05 -2.13472e-05 
3.31349e-05 9.8739e-05 0.000132247 0.00102923 0.00121822 -0.000118295 0 0 

the 2  channel
Matrix message
0 0 -6.15183e-05 0.00030431 0.0001722 -9.22515e-05 -0.000168815 0 
0 0 -0.000153445 0.00521119 -0.000224867 0.00477527 -7.1574e-05 5.54994e-05 
5.56989e-07 -9.04288e-06 -0.00126206 0.000285268 0.00123868 -0.00300224 -5.99787e-05 9.70125e-05 
-1.56285e-05 6.19038e-05 -0.000987616 -0.00431388 -0.00212881 -0.00299906 7.25872e-05 6.04309e-05 
-1.41541e-05 0.000958862 0.00063432 0.00112685 4.80866e-05 0.00015817 0.000146502 0.000162495 
-2.91185e-05 0.000398251 0.000486017 0.00184381 7.41244e-05 0.00104773 -0.000190586 1.65882e-05 
-5.83805e-05 0.000240016 -0.000846391 0.001738 0.00133484 0.00112542 -3.47084e-05 -1.88972e-05 
-4.3893e-05 0.000263189 0.00011326 0.000723545 -0.00140716 0.000224457 0 0 

the 2 data
the 0  channel
Matrix message
-6.42002e-07 1.61027e-06 -1.22086e-06 3.33862e-05 1.5409e-05 1.33224e-05 0 0 
9.23522e-06 0.000111295 7.06516e-05 4.40677e-05 -3.85121e-05 3.86463e-05 -2.41169e-06 0 
3.56475e-06 -2.38424e-05 -0.000599438 -0.000950173 -0.000270366 5.3846e-05 5.75284e-05 -1.54067e-05 
-4.75668e-06 -3.99495e-05 0.000679555 -0.000824193 -0.000268212 -2.17948e-06 2.02966e-05 1.65261e-05 
-1.84115e-05 0.000108155 0.0010153 -0.00094689 0.000110621 0.000200059 -6.66234e-05 -2.42966e-06 
0 -0.00010245 5.51849e-05 0.000343666 0.000104408 0.000189377 8.24684e-05 1.26798e-06 
0 9.03706e-05 5.75251e-05 -0.000247956 -0.00022287 0.000212511 5.19585e-05 -6.12723e-07 
0 -3.57556e-06 3.73447e-06 -0.00029304 -0.000116811 0.00031555 -1.32075e-05 5.4526e-07 

the 1  channel
Matrix message
-1.12613e-06 1.50853e-07 4.73608e-07 2.6404e-05 2.49594e-05 -4.73506e-06 0 0 
-8.96386e-06 8.96526e-05 7.83467e-05 1.18415e-05 2.03914e-05 5.25067e-05 1.43246e-06 0 
-2.25405e-06 2.10244e-05 0.0005974 -0.000783038 8.58478e-05 -2.83091e-05 1.94261e-05 6.72787e-06 
1.1293e-05 7.02268e-05 -0.000838485 0.000879213 -0.000921439 -9.33067e-07 2.84084e-05 -5.79446e-06 
2.65945e-06 -7.56064e-05 6.61493e-08 -0.000566613 -0.000727316 1.01138e-05 5.25002e-05 -1.56865e-05 
0 8.14749e-05 6.40899e-05 0.000302337 0.000164437 7.86519e-05 -9.05571e-05 3.20004e-06 
0 -7.26479e-05 -9.03091e-05 2.32504e-05 0.000410301 0.000442557 -4.58991e-05 2.03486e-06 
0 5.1647e-07 2.12944e-06 0.000195753 0.00026908 -2.9685e-05 -4.65804e-07 3.02426e-07 

the 2  channel
Matrix message
-7.12166e-07 -5.36756e-07 -1.51905e-06 4.01276e-05 9.79114e-06 3.13798e-05 0 0 
5.9523e-06 0.000131293 4.16814e-05 0.00014072 3.47508e-05 5.53987e-05 -1.57429e-05 0 
-2.47385e-05 0.00011299 0.00106102 -2.31264e-05 0.000814124 -8.18579e-06 -1.62563e-05 -3.84319e-05 
7.95294e-06 7.67754e-05 -0.00012763 0.000314184 -0.000469591 -4.21617e-05 -3.6241e-05 -3.86428e-05 
1.39519e-05 0.000125292 -0.000602209 -0.000509149 -0.000588489 -5.75641e-05 -0.000153192 -1.65437e-05 
0 -4.42898e-05 -3.34828e-05 0.000217283 -1.59747e-05 0.000133174 -7.47283e-05 2.14775e-06 
0 7.77223e-05 1.65579e-06 0.00033531 0.000173137 0.000190775 -8.28688e-05 1.62032e-06 
0 2.70948e-06 1.89107e-06 0.000126944 -0.000317377 6.00937e-05 3.32753e-06 7.13605e-07 

the 3 data
the 0  channel
Matrix message
0 0 0.000189816 -0.000302403 0.000186915 4.50414e-05 3.89421e-05 0 
-4.17613e-05 0.000104745 -0.00028598 -0.000457466 0.000227932 -0.000336675 2.90892e-05 0 
-5.08894e-05 0.00200845 0.00289221 -0.000895058 -0.00562376 -0.000673659 8.82708e-05 4.9701e-06 
0.000186376 -0.00169371 0.00143445 0.00434043 -0.00635709 -0.00263841 -2.02946e-05 -2.64036e-06 
-0.000201646 0.000231089 0.00148719 0.00794002 -0.00685882 0.000904598 -0.000610415 5.19036e-05 
0.000300989 0.000508236 0.000380068 5.55717e-05 -0.000208022 0.000268226 0.000243335 -1.75074e-05 
-7.49888e-05 8.60894e-05 1.32625e-05 -0.000242661 0.000915216 0.000858116 0.000351296 0.000125641 
-1.07164e-05 8.42244e-05 -5.03153e-05 -1.86013e-05 0.000281584 -9.02046e-06 0 0 

the 1  channel
Matrix message
0 0 0.00029682 -5.58283e-06 0.00015627 7.29577e-05 -1.38409e-05 0 
-7.32534e-05 9.81276e-06 0.000443006 -0.000385135 -3.84784e-05 0.000201263 0.000113542 0 
-5.63663e-05 -0.00159072 0.00205665 0.00180235 -0.00599762 2.30819e-05 -9.45967e-06 4.40061e-06 
0.000201618 0.00185121 0.000141036 -0.00442594 0.00846844 -0.00607458 -1.07685e-05 -4.91832e-06 
0.000250432 -0.00102993 -0.00109789 -0.00165571 -0.00635486 -0.00489423 0.00018105 3.96887e-05 
-0.000360587 -0.000200964 6.16129e-05 -0.000135734 -0.000134504 0.000815188 -0.000451102 -3.26119e-05 
8.5333e-05 -3.46268e-05 0.000128512 0.000148989 0.000299589 0.000316056 -0.000496976 6.96864e-05 
-2.91972e-05 -9.30922e-06 1.53705e-05 3.90263e-05 0.000144726 5.3116e-05 0 0 

the 2  channel
Matrix message
0 0 1.5818e-05 -0.00025681 0.000439238 2.86201e-05 9.1725e-05 0 
-4.63253e-05 -3.49152e-05 -0.000542647 7.76504e-05 -6.99267e-05 -0.000163969 9.0552e-05 0 
-9.28789e-05 0.000155523 0.00162612 0.00760644 0.00135436 0.0063106 3.07069e-06 1.79131e-05 
-0.000102714 -0.00104912 2.8029e-05 -0.00192672 0.00270903 -0.00572054 9.88842e-06 -4.50415e-06 
-0.000417423 0.00179547 0.000172119 -0.00433412 -0.00386895 -0.00396781 -0.000844879 0.000143575 
-0.000382528 4.00143e-05 0.000224021 -0.000125549 -0.000666741 -0.00112333 -0.000433357 -2.98656e-05 
-2.44436e-05 -9.35453e-06 -5.87876e-05 -7.86631e-05 -0.000651581 -0.000647282 -0.000311392 0.000164432 
8.01576e-05 3.10016e-05 1.90341e-05 5.98153e-05 3.92961e-05 3.39744e-05 0 0 

check grad x !!!
the 0 data
the 0  channel
Matrix message
0 -0.0021054 -0.00415258 -0.000989633 2.69247e-05 2.19502e-05 1.72244e-05 0 
0 0.00320176 -0.00420776 -0.00135768 -0.000157051 0.00093241 -0.000652952 0 
1.20858e-05 0.00475306 -0.00439659 0.00107255 -0.000296577 0.000323546 0.000431493 2.83089e-06 
1.12701e-06 -0.000198219 -7.38551e-05 0.0009313 0.00136788 0.0010986 -8.26196e-05 2.11464e-06 
8.15786e-05 -0.000245091 -0.0001683 0.000980107 -0.000153795 0.00075911 0.000623234 9.89461e-06 
-0.000103983 8.62771e-06 0.000597786 4.22144e-05 -0.000523159 0.000909115 0.000142569 6.33985e-06 
-0.000120389 4.7759e-05 7.18052e-05 -3.36045e-05 0.000486963 0.0002777 -0.000375526 -3.18499e-06 
0 0 0 7.33007e-08 9.05531e-05 1.89509e-05 1.44198e-05 1.1277e-05 

the 1  channel
Matrix message
0 0.00207629 -0.00427871 0.00021345 -2.17636e-05 1.99604e-05 -5.59636e-06 0 
0 -0.00439514 0.00413919 -0.00413723 -0.000396252 7.56082e-05 0.000275474 0 
1.88988e-05 -0.000313628 -0.00258741 -0.00258425 -0.000454608 0.000784584 -0.000488429 -1.00616e-06 
1.21633e-05 3.71972e-05 -0.000152209 0.00144795 0.000274767 0.000603781 -0.000248745 8.25392e-06 
1.98135e-05 0.000283705 0.000824752 0.000319634 1.04298e-05 0.000876777 -0.000307832 -1.15138e-06 
6.51934e-05 2.22854e-05 -0.000297253 -0.000374955 0.000796297 0.000454282 0.000148794 1.18585e-05 
4.97776e-05 0.000103993 4.32875e-05 -3.9061e-05 -0.000355229 -0.000313617 5.4965e-06 3.61573e-06 
0 0 0 3.49298e-05 6.19975e-05 -9.5949e-06 -1.42349e-05 6.25475e-06 

the 2  channel
Matrix message
0 0.00440484 -0.00055303 0.00386151 1.9836e-05 2.60542e-05 -6.40472e-06 0 
0 -0.000135832 0.00139695 -0.00230413 -0.000315218 -0.000445272 -0.000839933 0 
1.00715e-06 -0.00286167 -0.00219662 -0.00190422 -0.00106467 -0.00086304 -0.000328864 6.66794e-06 
-5.81337e-05 0.000422425 0.000532288 0.0011588 -0.00116071 -0.000298144 -0.000895715 6.58267e-06 
-1.25032e-05 0.000162201 -0.000853893 0.000285399 -0.000800574 0.000239792 -0.00022435 -7.5355e-06 
9.06039e-05 4.19739e-05 0.000551984 6.10917e-06 -0.000740319 -0.000297011 -0.00072285 1.55679e-05 
7.05367e-05 -5.25577e-05 2.87656e-05 -9.51448e-05 0.00026076 4.33154e-05 9.58821e-05 2.58019e-06 
0 0 0 -2.44852e-06 -1.19156e-05 -1.5806e-05 3.63577e-06 1.47587e-05 

the 1 data
the 0  channel
Matrix message
0 0 -5.54574e-05 0.000576756 0.000158517 0.000444319 -0.000135676 0 
0 0 0.000280733 -0.00351105 -0.00536635 -0.00117543 0.000116144 2.35624e-05 
6.68387e-06 -1.06483e-05 -0.00027387 0.00413683 -0.00533625 -0.0021609 -4.50248e-05 2.93158e-05 
-7.27362e-06 3.34539e-05 0.000386631 0.00730638 -0.00523205 0.00109335 0.000120076 0.000110992 
6.65111e-06 0.000746465 0.000550237 0.000809029 8.17406e-05 -0.000226127 5.54951e-05 7.7849e-05 
-2.62497e-05 -0.000142339 -0.000755731 0.00184536 0.000537132 0.000274639 0.000129525 0.000180651 
-3.19874e-05 -0.000991259 0.000294345 0.000480912 -0.00180707 0.000426435 5.09682e-05 2.67903e-05 
5.42207e-05 -0.000353906 0.000477379 -0.00119835 -0.00059401 0.00135887 0 0 

the 1  channel
Matrix message
0 0 -9.72777e-05 -0.000243643 0.000240595 -7.01951e-05 5.26328e-05 0 
0 0 0.00045884 0.00307533 -0.00553723 0.000839603 -6.34607e-05 -8.37459e-06 
1.04517e-05 -1.96584e-07 0.00076712 -0.00622534 0.00512402 -0.00530927 -9.54483e-06 7.90727e-05 
1.45145e-05 2.98001e-05 -0.000748786 -0.00187157 -0.00304871 -0.0036267 0.000181545 -3.37263e-05 
-1.63493e-05 0.000579849 0.000288258 0.000297928 -3.50342e-06 0.000135038 0.000239356 0.000252165 
-4.60446e-05 -0.000165883 0.00163587 0.00198535 0.00132182 1.56478e-05 0.000196818 -1.98714e-05 
-3.54299e-05 0.000953116 0.000104276 -3.02879e-05 0.0014862 0.00148798 2.68671e-05 -2.13472e-05 
3.31349e-05 9.8739e-05 0.000132247 0.00102923 0.00121822 -0.000118295 0 0 

the 2  channel
Matrix message
0 0 -6.15183e-05 0.00030431 0.0001722 -9.22515e-05 -0.000168815 0 
0 0 -0.000153445 0.00521119 -0.000224867 0.00477527 -7.1574e-05 5.54994e-05 
5.5699e-07 -9.04288e-06 -0.00126206 0.000285268 0.00123868 -0.00300224 -5.99787e-05 9.70125e-05 
-1.56285e-05 6.19038e-05 -0.000987616 -0.00431388 -0.00212881 -0.00299906 7.25872e-05 6.04309e-05 
-1.41541e-05 0.000958862 0.00063432 0.00112685 4.80866e-05 0.00015817 0.000146502 0.000162495 
-2.91185e-05 0.000398251 0.000486017 0.00184381 7.41244e-05 0.00104773 -0.000190586 1.65882e-05 
-5.83805e-05 0.000240016 -0.000846391 0.001738 0.00133484 0.00112542 -3.47084e-05 -1.88972e-05 
-4.3893e-05 0.000263189 0.00011326 0.000723545 -0.00140716 0.000224457 0 0 

the 2 data
the 0  channel
Matrix message
-6.42e-07 1.61027e-06 -1.22086e-06 3.33862e-05 1.5409e-05 1.33224e-05 0 0 
9.23522e-06 0.000111295 7.06516e-05 4.40677e-05 -3.85121e-05 3.86463e-05 -2.41169e-06 0 
3.56475e-06 -2.38424e-05 -0.000599438 -0.000950173 -0.000270366 5.3846e-05 5.75284e-05 -1.54067e-05 
-4.75668e-06 -3.99495e-05 0.000679555 -0.000824193 -0.000268212 -2.17948e-06 2.02966e-05 1.65261e-05 
-1.84115e-05 0.000108155 0.0010153 -0.00094689 0.000110621 0.000200059 -6.66234e-05 -2.42966e-06 
0 -0.00010245 5.51849e-05 0.000343666 0.000104408 0.000189377 8.24684e-05 1.26798e-06 
0 9.03706e-05 5.75251e-05 -0.000247956 -0.00022287 0.000212511 5.19585e-05 -6.12723e-07 
0 -3.57556e-06 3.73447e-06 -0.00029304 -0.000116811 0.00031555 -1.32075e-05 5.45258e-07 

the 1  channel
Matrix message
-1.12613e-06 1.50852e-07 4.73607e-07 2.6404e-05 2.49594e-05 -4.73506e-06 0 0 
-8.96386e-06 8.96526e-05 7.83467e-05 1.18415e-05 2.03914e-05 5.25067e-05 1.43247e-06 0 
-2.25405e-06 2.10244e-05 0.0005974 -0.000783038 8.58478e-05 -2.83091e-05 1.94261e-05 6.72787e-06 
1.1293e-05 7.02268e-05 -0.000838485 0.000879213 -0.000921439 -9.33068e-07 2.84084e-05 -5.79446e-06 
2.65945e-06 -7.56064e-05 6.61485e-08 -0.000566613 -0.000727316 1.01138e-05 5.25002e-05 -1.56865e-05 
0 8.14749e-05 6.40899e-05 0.000302337 0.000164437 7.86519e-05 -9.05571e-05 3.20004e-06 
0 -7.26479e-05 -9.03091e-05 2.32504e-05 0.000410301 0.000442557 -4.58991e-05 2.03486e-06 
0 5.16469e-07 2.12944e-06 0.000195753 0.00026908 -2.9685e-05 -4.65803e-07 3.02425e-07 

the 2  channel
Matrix message
-7.12166e-07 -5.36758e-07 -1.51906e-06 4.01276e-05 9.79114e-06 3.13798e-05 0 0 
5.9523e-06 0.000131293 4.16814e-05 0.00014072 3.47508e-05 5.53987e-05 -1.57429e-05 0 
-2.47385e-05 0.00011299 0.00106102 -2.31264e-05 0.000814124 -8.18579e-06 -1.62563e-05 -3.84319e-05 
7.95294e-06 7.67754e-05 -0.00012763 0.000314184 -0.000469591 -4.21617e-05 -3.6241e-05 -3.86428e-05 
1.39519e-05 0.000125292 -0.000602209 -0.000509149 -0.000588489 -5.75641e-05 -0.000153192 -1.65437e-05 
0 -4.42898e-05 -3.34828e-05 0.000217283 -1.59747e-05 0.000133174 -7.47283e-05 2.14775e-06 
0 7.77223e-05 1.65579e-06 0.00033531 0.000173137 0.000190775 -8.28688e-05 1.62032e-06 
0 2.70948e-06 1.89107e-06 0.000126944 -0.000317377 6.00937e-05 3.32753e-06 7.13605e-07 

the 3 data
the 0  channel
Matrix message
0 0 0.000189816 -0.000302403 0.000186915 4.50414e-05 3.89421e-05 0 
-4.17613e-05 0.000104745 -0.00028598 -0.000457466 0.000227932 -0.000336675 2.90892e-05 0 
-5.08894e-05 0.00200845 0.00289221 -0.000895058 -0.00562376 -0.000673659 8.82708e-05 4.9701e-06 
0.000186376 -0.00169371 0.00143445 0.00434043 -0.00635709 -0.00263841 -2.02946e-05 -2.64036e-06 
-0.000201646 0.000231089 0.00148719 0.00794002 -0.00685882 0.000904598 -0.000610415 5.19036e-05 
0.000300989 0.000508236 0.000380068 5.55717e-05 -0.000208023 0.000268226 0.000243335 -1.75074e-05 
-7.49888e-05 8.60894e-05 1.32625e-05 -0.000242661 0.000915216 0.000858116 0.000351296 0.000125641 
-1.07164e-05 8.42244e-05 -5.03153e-05 -1.86013e-05 0.000281584 -9.02046e-06 0 0 

the 1  channel
Matrix message
0 0 0.00029682 -5.58283e-06 0.00015627 7.29577e-05 -1.38409e-05 0 
-7.32534e-05 9.81275e-06 0.000443006 -0.000385135 -3.84784e-05 0.000201263 0.000113542 0 
-5.63663e-05 -0.00159072 0.00205665 0.00180235 -0.00599762 2.30819e-05 -9.45967e-06 4.4006e-06 
0.000201618 0.00185121 0.000141036 -0.00442594 0.00846844 -0.00607458 -1.07685e-05 -4.91832e-06 
0.000250432 -0.00102993 -0.00109789 -0.00165571 -0.00635486 -0.00489423 0.00018105 3.96887e-05 
-0.000360587 -0.000200964 6.16129e-05 -0.000135734 -0.000134504 0.000815188 -0.000451102 -3.26119e-05 
8.5333e-05 -3.46268e-05 0.000128512 0.000148989 0.000299589 0.000316056 -0.000496976 6.96864e-05 
-2.91972e-05 -9.30922e-06 1.53705e-05 3.90263e-05 0.000144726 5.3116e-05 0 0 

the 2  channel
Matrix message
0 0 1.5818e-05 -0.00025681 0.000439238 2.86201e-05 9.1725e-05 0 
-4.63253e-05 -3.49152e-05 -0.000542647 7.76504e-05 -6.99267e-05 -0.000163969 9.0552e-05 0 
-9.28789e-05 0.000155523 0.00162612 0.00760644 0.00135436 0.0063106 3.07069e-06 1.79131e-05 
-0.000102714 -0.00104912 2.8029e-05 -0.00192672 0.00270903 -0.00572054 9.88842e-06 -4.50415e-06 
-0.000417423 0.00179547 0.000172119 -0.00433412 -0.00386895 -0.00396781 -0.000844879 0.000143575 
-0.000382528 4.00143e-05 0.000224021 -0.000125549 -0.000666741 -0.00112333 -0.000433357 -2.98656e-05 
-2.44436e-05 -9.35453e-06 -5.87876e-05 -7.86631e-05 -0.000651581 -0.000647282 -0.000311392 0.000164432 
8.01576e-05 3.10016e-05 1.90341e-05 5.98153e-05 3.92961e-05 3.39744e-05 0 0 

grad w!!!
the 0 data
the 0  channel
Matrix message
0.00414622 0.000145159 0.00936475 
0.00638449 -0.00141249 -0.00247003 
-0.00643255 0.000389268 0.000253096 

the 1  channel
Matrix message
0.00854764 -0.00939384 0.010821 
-0.00644459 -0.00117688 -0.00288723 
0.0101903 0.00157127 -0.00191002 

the 2  channel
Matrix message
0.0153566 0.000753339 0.0122602 
-0.00315858 0.00383372 0.00571266 
-0.0183712 -0.0114597 0.00852122 

the 1 data
the 0  channel
Matrix message
-8.17725e-05 0.00181172 -0.000511055 
0.000600912 0.000698093 -3.01764e-05 
0.00174219 0.00164268 0.000386547 

the 1  channel
Matrix message
-0.00110965 0.000459565 -0.000116313 
-0.00194376 0.000985937 0.000567523 
0.000325528 0.0014691 -0.00186545 

the 2  channel
Matrix message
0.000229977 -0.000986036 -0.00207438 
-0.00200404 -0.000579394 -0.00101111 
-0.00131114 0.000353425 -0.00182357 

the 2 data
the 0  channel
Matrix message
0.00104593 0.00149029 5.2481e-06 
0.000403255 -0.00142483 0.000301474 
-0.00167048 0.000223571 -2.29228e-05 

the 1  channel
Matrix message
-0.000247413 -1.39339e-05 -0.0003614 
-0.000596794 0.00173331 0.00186868 
0.00179102 0.00136605 0.000426539 

the 2  channel
Matrix message
0.00103932 0.000747694 0.000739253 
0.0020375 0.000202349 -0.000774715 
0.00204061 -0.00139003 -0.000164113 

the 3 data
the 0  channel
Matrix message
0.00102057 0.00397094 0.00161483 
-0.00189364 0.000713797 -0.000147699 
-4.56363e-05 -0.000903152 -0.000913034 

the 1  channel
Matrix message
-0.00388365 0.00180073 -0.00374169 
0.00378265 0.00125214 0.000819904 
0.000320622 -0.00295124 -0.000494363 

the 2  channel
Matrix message
0.000169574 0.00349627 -0.00309308 
-0.000361798 -0.00186985 -0.000609979 
0.00193816 0.000613122 0.00078009 

the 4 data
the 0  channel
Matrix message
0.00040294 -0.00045972 0.000218387 
0.00110581 -0.00128894 0.000267585 
0.00102894 0.0014118 0.000407869 

the 1  channel
Matrix message
-0.00083256 -0.000215806 0.000746589 
0.000413348 0.000138275 0.000107008 
-0.00152667 -0.00164093 -0.000302993 

the 2  channel
Matrix message
-0.000529639 -0.00104632 -0.000131459 
-0.00235275 0.000118686 -0.00121939 
-0.000235098 0.00108336 0.00100675 

check grad  w!!!!!
the 0 data
the 0  channel
Matrix message
0.00414622 0.000145159 0.00936475 
0.00638449 -0.00141249 -0.00247003 
-0.00643255 0.000389268 0.000253096 

the 1  channel
Matrix message
0.00854764 -0.00939384 0.010821 
-0.00644459 -0.00117688 -0.00288723 
0.0101903 0.00157127 -0.00191002 

the 2  channel
Matrix message
0.0153566 0.000753339 0.0122602 
-0.00315858 0.00383372 0.00571266 
-0.0183712 -0.0114597 0.00852122 

the 1 data
the 0  channel
Matrix message
-8.17725e-05 0.00181172 -0.000511055 
0.000600912 0.000698093 -3.01764e-05 
0.00174219 0.00164268 0.000386547 

the 1  channel
Matrix message
-0.00110965 0.000459565 -0.000116313 
-0.00194376 0.000985937 0.000567523 
0.000325528 0.0014691 -0.00186545 

the 2  channel
Matrix message
0.000229977 -0.000986036 -0.00207438 
-0.00200404 -0.000579394 -0.00101111 
-0.00131114 0.000353425 -0.00182357 

the 2 data
the 0  channel
Matrix message
0.00104593 0.00149029 5.2481e-06 
0.000403255 -0.00142483 0.000301474 
-0.00167048 0.000223571 -2.29228e-05 

the 1  channel
Matrix message
-0.000247413 -1.39339e-05 -0.0003614 
-0.000596794 0.00173331 0.00186868 
0.00179102 0.00136605 0.000426539 

the 2  channel
Matrix message
0.00103932 0.000747694 0.000739253 
0.0020375 0.000202349 -0.000774715 
0.00204061 -0.00139003 -0.000164113 

the 3 data
the 0  channel
Matrix message
0.00102057 0.00397094 0.00161483 
-0.00189364 0.000713797 -0.000147699 
-4.56363e-05 -0.000903152 -0.000913034 

the 1  channel
Matrix message
-0.00388365 0.00180073 -0.00374169 
0.00378265 0.00125214 0.000819904 
0.000320622 -0.00295124 -0.000494363 

the 2  channel
Matrix message
0.000169574 0.00349627 -0.00309308 
-0.000361798 -0.00186985 -0.000609979 
0.00193816 0.000613122 0.00078009 

the 4 data
the 0  channel
Matrix message
0.00040294 -0.00045972 0.000218387 
0.00110581 -0.00128894 0.000267585 
0.00102894 0.0014118 0.000407869 

the 1  channel
Matrix message
-0.00083256 -0.000215806 0.000746589 
0.000413348 0.000138275 0.000107008 
-0.00152667 -0.00164093 -0.000302993 

the 2  channel
Matrix message
-0.000529639 -0.00104632 -0.000131459 
-0.00235275 0.000118686 -0.00121939 
-0.000235098 0.00108336 0.00100675 

grad b!!!
Matrix message
0.018919 -0.00438666 -0.00512642 -0.00643335 -0.00295077 

check grad b
Matrix message
0.018919 -0.00438666 -0.00512642 -0.00643335 -0.00295077 

